CHRNG-10.vcf
Chromosome	Start	End	Length
2	228855866	236433161	7577295
3	47043622	51990315	4946693
4	72618296	103557192	30938896
4	139135799	159601676	20465877
5	87968953	101595885	13626932
6	1742794	13206385	11463591
18	71749154	77894844	6145690
CHRNG-9.vcf
Chromosome	Start	End	Length
1	222798106	234519452	11721346
2	182374534	192711162	10336628
2	219920037	236433161	16513124
6	73332040	112508770	39176730
6	136599822	151152656	14552834
12	1017197	6639088	5621891
12	113313470	114393028	1079558
17	17409560	20370806	2961246
17	21320008	30183857	8863849
CHRNG-6.vcf
Chromosome	Start	End	Length
2	26699126	28804848	2105722
2	179444768	180835792	1391024
2	182374534	185803364	3428830
11	48387490	55111584	6724094
CHRNG-7.vcf
Chromosome	Start	End	Length
1	36553673	38188841	1635168
13	24411772	42772717	18360945
20	13698006	43264927	29566921
22	18899016	19974654	1075638
CHRNG-8.vcf
Chromosome	Start	End	Length
1	222798106	235311772	12513666
2	220356806	222320427	1963621
3	47454399	50597092	3142693
6	137026266	151152656	14126390
7	124469267	132766584	8297317
9	12775861	27290984	14515123
11	83810113	95825797	12015684
11	99941322	114421817	14480495
11	115102224	120340060	5237836
12	1017197	6639088	5621891
21	22696837	34399401	11702564
Common regions among affected patients:
Chromosome	Start	End	Length
2	228855866	236433161	7577295
